1 0.106233
2 0.034036
3 0.400160
4 0.146974
5 0.330646
6 0.224734
7 0.268195
8 0.306670
9 0.380184
10 0.392105
11 0.392924
12 0.397071
13 0.398593
14 0.014300
15 0.159187
16 0.120382
17 0.291309
18 0.114553
19 0.332044
20 0.288375
1 0.371644
2 0.360672
3 0.217489
4 0.275768
5 0.192986
6 0.112996
7 0.206736
8 0.347849
9 0.187928
10 0.083446
11 0.210490
12 0.333627
13 0.361430
14 0.366275
15 0.372978
16 0.371634
17 0.370792
18 0.372239
19 0.373221
20 0.143576
1 0.250497
2 0.156536
3 0.140170
4 0.431195
5 0.039548
6 0.082993
7 0.249870
8 0.470610
9 0.490661
10 0.333969
11 0.261769
12 0.119574
13 0.259729
14 0.297385
15 0.043497
16 0.323618
17 0.323154
18 0.284676
19 0.352868
20 0.216268
1 0.315244
2 0.234199
3 0.093418
4 0.031879
5 0.306891
6 0.403768
7 0.359099
8 0.391649
9 0.388087
10 0.376583
11 0.347476
12 0.364639
13 0.122127
14 0.378671
15 0.234255
16 0.004261
17 0.288192
18 0.394403
19 0.392872
20 0.391543
1 0.421118
2 0.428411
3 0.017447
4 0.014635
5 0.417403
6 0.402842
7 0.091385
8 0.107869
9 0.036943
10 0.414948
11 0.442297
12 0.243877
13 0.348280
14 0.280423
15 0.376157
16 0.149875
17 0.159321
18 0.069105
19 0.321803
20 0.304417
1 0.390802
2 0.266542
3 0.224264
4 0.364828
5 0.081981
6 0.022088
7 0.261904
8 0.153986
9 0.376490
10 0.126731
11 0.204079
12 0.000629
13 0.201842
14 0.195684
15 0.378441
16 0.315419
17 0.378085
18 0.379775
19 0.379868
20 0.379867
1 0.320740
2 0.391636
3 0.134908
4 0.235031
5 0.345305
6 0.020407
7 0.020407
8 0.329494
9 0.040290
10 0.330131
11 0.426011
12 0.003775
13 0.324153
14 0.231961
15 0.404891
16 0.080134
17 0.207742
18 0.282035
19 0.344569
20 0.363802
1 0.400261
2 0.146210
3 0.075079
4 0.339387
5 0.411596
6 0.424464
7 0.452352
8 0.283065
9 0.257966
10 0.312435
11 0.145214
12 0.322599
13 0.188135
14 0.046061
15 0.205273
16 0.254650
17 0.110061
18 0.375523
19 0.363802
20 0.356489
1 0.405575
2 0.318581
3 0.469612
4 0.430835
5 0.251760
6 0.494868
7 0.491456
8 0.065113
9 0.491564
10 0.494403
11 0.096755
12 0.048848
13 0.277567
14 0.332295
15 0.337726
16 0.363621
17 0.234467
18 0.325922
19 0.348393
20 0.089899
1 0.440944
2 0.513437
3 0.013803
4 0.088651
5 0.159151
6 0.235366
7 0.315169
8 0.157842
9 0.124048
10 0.190971
11 0.245638
12 0.113912
13 0.348350
14 0.206455
15 0.353039
16 0.290483
17 0.009980
18 0.388162
19 0.393566
20 0.398207
1 0.348320
2 0.386916
3 0.358163
4 0.237209
5 0.217781
6 0.248527
7 0.201107
8 0.292650
9 0.411500
10 0.390630
11 0.333728
12 0.375831
13 0.380000
14 0.390808
15 0.301877
16 0.314615
17 0.002240
18 0.160877
19 0.071219
20 0.152996
1 0.084039
2 0.150236
3 0.109034
4 0.393640
5 0.401869
6 0.406406
7 0.360725
8 0.009168
9 0.287290
10 0.283408
11 0.348745
12 0.373039
13 0.374478
14 0.308582
15 0.343965
16 0.354305
17 0.147209
18 0.371424
19 0.374645
20 0.374233
1 0.393668
2 0.051731
3 0.039173
4 0.469430
5 0.449219
6 0.468818
7 0.469698
8 0.468501
9 0.172613
10 0.433529
11 0.400819
12 0.431072
13 0.428112
14 0.437213
15 0.439913
16 0.440909
17 0.445936
18 0.445558
19 0.238599
20 0.128166
1 0.494469
2 0.479956
3 0.469406
4 0.114874
5 0.539653
6 0.119938
7 0.242038
8 0.163501
9 0.194490
10 0.230814
11 0.122693
12 0.438013
13 0.440437
14 0.447646
15 0.448418
16 0.059551
17 0.100996
18 0.447170
19 0.447000
20 0.203394
1 0.297509
2 0.373730
3 0.297907
4 0.398355
5 0.426512
6 0.442369
7 0.463915
8 0.474487
9 0.472382
10 0.470590
11 0.472397
12 0.006230
13 0.471319
14 0.372547
15 0.470877
16 0.072733
17 0.185787
18 0.081486
19 0.268204
20 0.370680
1 0.039244
2 0.404353
3 0.184783
4 0.306288
5 0.161334
6 0.277977
7 0.155583
8 0.471250
9 0.401760
10 0.401229
11 0.441606
12 0.128008
13 0.162794
14 0.389464
15 0.389771
16 0.246174
17 0.427124
18 0.085648
19 0.104564
20 0.069244
1 0.355709
2 0.362497
3 0.350372
4 0.460583
5 0.302246
6 0.307444
7 0.399997
8 0.422562
9 0.426397
10 0.107101
11 0.024701
12 0.442217
13 0.437588
14 0.441114
15 0.445087
16 0.337520
17 0.203437
18 0.256955
19 0.313867
20 0.313516
1 0.464201
2 0.333524
3 0.054809
4 0.076235
5 0.195120
6 0.268564
7 0.306057
8 0.215886
9 0.263301
10 0.297637
11 0.332636
12 0.390896
13 0.123622
14 0.073362
15 0.254132
16 0.005943
17 0.384701
18 0.385596
19 0.386288
20 0.396097
1 0.450915
2 0.251961
3 0.088140
4 0.229777
5 0.294177
6 0.341821
7 0.272243
8 0.261598
9 0.340737
10 0.397845
11 0.285287
12 0.053172
13 0.193713
14 0.109096
15 0.099271
16 0.331612
17 0.352699
18 0.313460
19 0.097613
20 0.227255
1 0.344070
2 0.410929
3 0.355382
4 0.355382
5 0.305190
6 0.401802
7 0.418069
8 0.386154
9 0.302867
10 0.361942
11 0.234527
12 0.078180
13 0.192606
14 0.402708
15 0.157049
16 0.409927
17 0.409932
18 0.409048
19 0.409066
20 0.261997
