1 0.307620
2 0.379431
3 0.387278
4 0.324846
5 0.251969
6 0.283197
7 0.343724
8 0.420034
9 0.418741
10 0.401992
11 0.420350
12 0.423663
13 0.424158
14 0.425239
15 0.424990
16 0.424827
17 0.422774
18 0.423114
19 0.422759
20 0.423103
1 0.459272
2 0.384975
3 0.424445
4 0.445836
5 0.456163
6 0.452618
7 0.453296
8 0.466363
9 0.470373
10 0.470950
11 0.473567
12 0.472300
13 0.471951
14 0.471566
15 0.472271
16 0.349392
17 0.345485
18 0.417704
19 0.405032
20 0.388848
1 0.526848
2 0.392648
3 0.371536
4 0.428453
5 0.424485
6 0.444625
7 0.450603
8 0.462132
9 0.464491
10 0.136751
11 0.468396
12 0.470212
13 0.470762
14 0.470342
15 0.468182
16 0.468882
17 0.468488
18 0.467798
19 0.257265
20 0.294923
1 0.410186
2 0.467475
3 0.265464
4 0.201361
5 0.414462
6 0.451303
7 0.437263
8 0.442335
9 0.095316
10 0.267774
11 0.257667
12 0.309030
13 0.377700
14 0.354625
15 0.407563
16 0.410945
17 0.409221
18 0.412264
19 0.416476
20 0.415477
1 0.444232
2 0.417324
3 0.404980
4 0.442666
5 0.443146
6 0.303923
7 0.450609
8 0.450759
9 0.450312
10 0.449670
11 0.448591
12 0.449793
13 0.450492
14 0.451227
15 0.451060
16 0.451414
17 0.451287
18 0.451285
19 0.451112
20 0.451143
1 0.496083
2 0.503331
3 0.462711
4 0.467131
5 0.169526
6 0.169526
7 0.291700
8 0.310221
9 0.314691
10 0.284309
11 0.040338
12 0.357924
13 0.349403
14 0.348018
15 0.354120
16 0.369061
17 0.368800
18 0.372322
19 0.375383
20 0.376459
1 0.427114
2 0.397233
3 0.396631
4 0.449631
5 0.438966
6 0.447633
7 0.111205
8 0.484152
9 0.485963
10 0.486087
11 0.485271
12 0.486078
13 0.484932
14 0.485889
15 0.485339
16 0.243104
17 0.310575
18 0.382351
19 0.382351
20 0.366809
1 0.291327
2 0.153210
3 0.347691
4 0.308840
5 0.358237
6 0.335011
7 0.352586
8 0.352395
9 0.363532
10 0.360583
11 0.361274
12 0.364856
13 0.366228
14 0.366669
15 0.366839
16 0.366456
17 0.366269
18 0.365955
19 0.366672
20 0.366712
1 0.417965
2 0.422371
3 0.423479
4 0.373092
5 0.360297
6 0.361018
7 0.391441
8 0.412835
9 0.423713
10 0.426299
11 0.425726
12 0.065880
13 0.089023
14 0.251022
15 0.395802
16 0.360993
17 0.357887
18 0.371700
19 0.372592
20 0.385941
1 0.453945
2 0.374876
3 0.415166
4 0.332093
5 0.360814
6 0.400468
7 0.400808
8 0.404702
9 0.418660
10 0.418818
11 0.422578
12 0.431222
13 0.430563
14 0.430987
15 0.034916
16 0.429520
17 0.430233
18 0.430683
19 0.430040
20 0.430055
1 0.306168
2 0.319945
3 0.384621
4 0.415743
5 0.368450
6 0.416041
7 0.426302
8 0.418331
9 0.408537
10 0.363521
11 0.289635
12 0.348244
13 0.326755
14 0.348866
15 0.384099
16 0.393814
17 0.234813
18 0.231331
19 0.245921
20 0.246756
1 0.417937
2 0.412773
3 0.414147
4 0.459378
5 0.479032
6 0.479275
7 0.486812
8 0.493582
9 0.493194
10 0.487603
11 0.486382
12 0.488554
13 0.487951
14 0.489395
15 0.489595
16 0.489673
17 0.489691
18 0.488707
19 0.488984
20 0.488701
1 0.065333
2 0.237056
3 0.142739
4 0.400311
5 0.445299
6 0.441517
7 0.453545
8 0.462570
9 0.468180
10 0.468406
11 0.468676
12 0.468076
13 0.468772
14 0.152470
15 0.188872
16 0.376597
17 0.385170
18 0.397915
19 0.400005
20 0.424241
1 0.413992
2 0.457635
3 0.459188
4 0.445033
5 0.455981
6 0.478597
7 0.484671
8 0.484350
9 0.483137
10 0.482396
11 0.480841
12 0.482396
13 0.482477
14 0.481334
15 0.482305
16 0.481451
17 0.481615
18 0.242849
19 0.481378
20 0.481317
1 0.416698
2 0.432964
3 0.450236
4 0.448824
5 0.457862
6 0.473315
7 0.491345
8 0.296932
9 0.239512
10 0.309695
11 0.371929
12 0.437182
13 0.462591
14 0.466744
15 0.018658
16 0.448489
17 0.456154
18 0.456291
19 0.456911
20 0.457774
1 0.420295
2 0.424865
3 0.421066
4 0.453476
5 0.470972
6 0.470048
7 0.473327
8 0.473284
9 0.472879
10 0.194158
11 0.471978
12 0.268368
13 0.299138
14 0.314641
15 0.398758
16 0.416436
17 0.421939
18 0.423735
19 0.427518
20 0.144298
1 0.396449
2 0.408802
3 0.430119
4 0.452905
5 0.433981
6 0.322675
7 0.365670
8 0.403488
9 0.362455
10 0.392993
11 0.416913
12 0.419479
13 0.416506
14 0.425273
15 0.430831
16 0.431392
17 0.431702
18 0.382128
19 0.129079
20 0.428172
1 0.309224
2 0.220018
3 0.133707
4 0.283972
5 0.409080
6 0.416328
7 0.404340
8 0.413616
9 0.414887
10 0.423158
11 0.414057
12 0.417080
13 0.418350
14 0.417907
15 0.419096
16 0.421147
17 0.012437
18 0.420000
19 0.420219
20 0.420103
1 0.381233
2 0.087262
3 0.419974
4 0.419544
5 0.468163
6 0.470425
7 0.468154
8 0.468701
9 0.475923
10 0.474582
11 0.467907
12 0.470661
13 0.471769
14 0.470577
15 0.470696
16 0.470612
17 0.470757
18 0.470217
19 0.470200
20 0.469398
1 0.344909
2 0.376647
3 0.405517
4 0.404535
5 0.427617
6 0.449884
7 0.462096
8 0.452804
9 0.450488
10 0.463307
11 0.468519
12 0.466974
13 0.467976
14 0.468179
15 0.398724
16 0.468782
17 0.468281
18 0.468162
19 0.468004
20 0.467263
